063132333435363738393130
053131313231333134313531
043631373138313932303231
033232323332343235323632
023732383239333033313332
013333333433353336333733
003833393430343134323433
0e3434343534363437343834
0d3935303531353235333534
0c3535353635373538353936
0b3036313632363336343635
0a3636363736383639373037
093137323733373437353736
083737373837393132333435
163637383931303131313231
153331343135313631373138
143139323032313232323332
133432353236323732383239
123330333133323333333433
113533363337333833393430
103431343234333434343534
1e3634373438343935303531
1d3532353335343535353635
1c3735383539363036313632
1b3633363436353636363736
1f38363937300a0a
